lstchain/resources/LST1Cam.ecsv
# %ECSV 1.0
# ---
# datatype:
# - {name: pix_id, datatype: int64}
# - {name: pix_x, unit: m, datatype: float64}
# - {name: pix_y, unit: m, datatype: float64}
# - {name: pix_area, unit: m2, datatype: float64}
# meta: {CAM_ID: LSTCam, CAM_ROT: 0.0, PIX_ROT: 100.893, PIX_TYPE: hexagon, TAB_TYPE: ctapipe.instrument.CameraGeometry, TAB_VER: '2.0'}
# schema: astropy-2.0
pix_id pix_x pix_y pix_area
0 0.0 0.0 0.0021649681944033382
1 -0.0377964 -0.0327327 0.0021649681944033382
2 -0.047245600000000006 0.0163663 0.0021649681944033382
3 -0.0094491 0.049099 0.0021649681944033382
4 0.0377964 0.0327327 0.0021649681944033382
5 0.047245600000000006 -0.0163663 0.0021649681944033382
6 0.0094491 -0.049099 0.0021649681944033382
7 -0.0755929 -0.0654654 0.0021649681944033382
8 -0.085042 -0.0163663 0.0021649681944033382
9 -0.09449110000000001 0.0327327 0.0021649681944033382
10 -0.0566947 0.0654654 0.0021649681944033382
11 -0.0188982 0.0981981 0.0021649681944033382
12 0.0283473 0.0818317 0.0021649681944033382
13 0.0755929 0.0654654 0.0021649681944033382
14 0.085042 0.0163663 0.0021649681944033382
15 0.09449110000000001 -0.0327327 0.0021649681944033382
16 0.0566947 -0.0654654 0.0021649681944033382
17 0.0188982 -0.0981981 0.0021649681944033382
18 -0.0283473 -0.0818317 0.0021649681944033382
19 -0.11338930000000001 -0.0981981 0.0021649681944033382
20 -0.12283849999999999 -0.049099 0.0021649681944033382
21 -0.1322876 0.0 0.0021649681944033382
22 -0.14173670000000002 0.049099 0.0021649681944033382
23 -0.10394020000000001 0.0818317 0.0021649681944033382
24 -0.0661438 0.11456440000000001 0.0021649681944033382
25 -0.0283473 0.14729710000000001 0.0021649681944033382
26 0.0188982 0.1309307 0.0021649681944033382
27 0.0661438 0.11456440000000001 0.0021649681944033382
28 0.11338930000000001 0.0981981 0.0021649681944033382
29 0.12283849999999999 0.049099 0.0021649681944033382
30 0.1322876 0.0 0.0021649681944033382
31 0.14173670000000002 -0.049099 0.0021649681944033382
32 0.10394020000000001 -0.0818317 0.0021649681944033382
33 0.0661438 -0.11456440000000001 0.0021649681944033382
34 0.0283473 -0.14729710000000001 0.0021649681944033382
35 -0.0188982 -0.1309307 0.0021649681944033382
36 -0.0661438 -0.11456440000000001 0.0021649681944033382
37 -0.1511858 -0.1309307 0.0021649681944033382
38 -0.1606349 -0.0818317 0.0021649681944033382
39 -0.170084 -0.0327327 0.0021649681944033382
40 -0.1795331 0.0163663 0.0021649681944033382
41 -0.18898220000000002 0.0654654 0.0021649681944033382
42 -0.1511858 0.0981981 0.0021649681944033382
43 -0.11338930000000001 0.1309307 0.0021649681944033382
44 -0.0755929 0.1636634 0.0021649681944033382
45 -0.0377964 0.1963961 0.0021649681944033382
46 0.0094491 0.1800298 0.0021649681944033382
47 0.0566947 0.1636634 0.0021649681944033382
48 0.10394020000000001 0.14729710000000001 0.0021649681944033382
49 0.1511858 0.1309307 0.0021649681944033382
50 0.1606349 0.0818317 0.0021649681944033382
51 0.170084 0.0327327 0.0021649681944033382
52 0.1795331 -0.0163663 0.0021649681944033382
53 0.18898220000000002 -0.0654654 0.0021649681944033382
54 0.1511858 -0.0981981 0.0021649681944033382
55 0.11338930000000001 -0.1309307 0.0021649681944033382
56 0.0755929 -0.1636634 0.0021649681944033382
57 0.0377964 -0.1963961 0.0021649681944033382
58 -0.0094491 -0.1800298 0.0021649681944033382
59 -0.0566947 -0.1636634 0.0021649681944033382
60 -0.10394020000000001 -0.14729710000000001 0.0021649681944033382
61 -0.18898220000000002 -0.1636634 0.0021649681944033382
62 -0.1984313 -0.11456440000000001 0.0021649681944033382
63 -0.20788050000000002 -0.0654654 0.0021649681944033382
64 -0.2173296 -0.0163663 0.0021649681944033382
65 -0.2267787 0.0327327 0.0021649681944033382
66 -0.23622780000000002 0.0818317 0.0021649681944033382
67 -0.1984313 0.11456440000000001 0.0021649681944033382
68 -0.1606349 0.14729710000000001 0.0021649681944033382
69 -0.12283849999999999 0.1800298 0.0021649681944033382
70 -0.085042 0.21276240000000002 0.0021649681944033382
71 -0.047245600000000006 0.24549510000000002 0.0021649681944033382
72 0.0 0.22912880000000002 0.0021649681944033382
73 0.047245600000000006 0.21276240000000002 0.0021649681944033382
74 0.09449110000000001 0.1963961 0.0021649681944033382
75 0.14173670000000002 0.1800298 0.0021649681944033382
76 0.18898220000000002 0.1636634 0.0021649681944033382
77 0.1984313 0.11456440000000001 0.0021649681944033382
78 0.20788050000000002 0.0654654 0.0021649681944033382
79 0.2173296 0.0163663 0.0021649681944033382
80 0.2267787 -0.0327327 0.0021649681944033382
81 0.23622780000000002 -0.0818317 0.0021649681944033382
82 0.1984313 -0.11456440000000001 0.0021649681944033382
83 0.1606349 -0.14729710000000001 0.0021649681944033382
84 0.12283849999999999 -0.1800298 0.0021649681944033382
85 0.085042 -0.21276240000000002 0.0021649681944033382
86 0.047245600000000006 -0.24549510000000002 0.0021649681944033382
87 0.0 -0.22912880000000002 0.0021649681944033382
88 -0.047245600000000006 -0.21276240000000002 0.0021649681944033382
89 -0.09449110000000001 -0.1963961 0.0021649681944033382
90 -0.14173670000000002 -0.1800298 0.0021649681944033382
91 -0.2267787 -0.1963961 0.0021649681944033382
92 -0.23622780000000002 -0.14729710000000001 0.0021649681944033382
93 -0.24567689999999998 -0.098198 0.0021649681944033382
94 -0.255126 -0.049099 0.0021649681944033382
95 -0.2645751 0.0 0.0021649681944033382
96 -0.2740242 0.049099 0.0021649681944033382
97 -0.28347340000000004 0.0981981 0.0021649681944033382
98 -0.24567689999999998 0.1309307 0.0021649681944033382
99 -0.20788050000000002 0.1636634 0.0021649681944033382
100 -0.170084 0.1963961 0.0021649681944033382
101 -0.1322876 0.22912880000000002 0.0021649681944033382
102 -0.09449110000000001 0.26186149999999997 0.0021649681944033382
103 -0.0566947 0.29459420000000003 0.0021649681944033382
104 -0.0094491 0.2782278 0.0021649681944033382
105 0.0377964 0.26186149999999997 0.0021649681944033382
106 0.085042 0.24549510000000002 0.0021649681944033382
107 0.1322876 0.22912880000000002 0.0021649681944033382
108 0.1795331 0.21276240000000002 0.0021649681944033382
109 0.2267787 0.1963961 0.0021649681944033382
110 0.23622780000000002 0.14729710000000001 0.0021649681944033382
111 0.24567689999999998 0.098198 0.0021649681944033382
112 0.255126 0.049099 0.0021649681944033382
113 0.2645751 0.0 0.0021649681944033382
114 0.2740242 -0.049099 0.0021649681944033382
115 0.28347340000000004 -0.0981981 0.0021649681944033382
116 0.24567689999999998 -0.1309307 0.0021649681944033382
117 0.20788050000000002 -0.1636634 0.0021649681944033382
118 0.170084 -0.1963961 0.0021649681944033382
119 0.1322876 -0.22912880000000002 0.0021649681944033382
120 0.09449110000000001 -0.26186149999999997 0.0021649681944033382
121 0.0566947 -0.29459420000000003 0.0021649681944033382
122 0.0094491 -0.2782278 0.0021649681944033382
123 -0.0377964 -0.26186149999999997 0.0021649681944033382
124 -0.085042 -0.24549510000000002 0.0021649681944033382
125 -0.1322876 -0.22912880000000002 0.0021649681944033382
126 -0.1795331 -0.21276240000000002 0.0021649681944033382
127 -0.2645751 -0.22912880000000002 0.0021649681944033382
128 -0.2740242 -0.1800298 0.0021649681944033382
129 -0.28347340000000004 -0.1309307 0.0021649681944033382
130 -0.29292250000000003 -0.0818317 0.0021649681944033382
131 -0.3023716 -0.0327327 0.0021649681944033382
132 -0.3118207 0.0163663 0.0021649681944033382
133 -0.3212698 0.0654654 0.0021649681944033382
134 -0.33071890000000004 0.11456440000000001 0.0021649681944033382
135 -0.29292250000000003 0.14729710000000001 0.0021649681944033382
136 -0.255126 0.1800298 0.0021649681944033382
137 -0.2173296 0.21276240000000002 0.0021649681944033382
138 -0.1795331 0.24549510000000002 0.0021649681944033382
139 -0.14173670000000002 0.2782278 0.0021649681944033382
140 -0.10394020000000001 0.31096050000000003 0.0021649681944033382
141 -0.0661438 0.3436932 0.0021649681944033382
142 -0.0188982 0.3273268 0.0021649681944033382
143 0.0283473 0.31096050000000003 0.0021649681944033382
144 0.0755929 0.29459420000000003 0.0021649681944033382
145 0.12283849999999999 0.2782278 0.0021649681944033382
146 0.170084 0.26186149999999997 0.0021649681944033382
147 0.2173296 0.24549510000000002 0.0021649681944033382
148 0.2645751 0.22912880000000002 0.0021649681944033382
149 0.2740242 0.1800298 0.0021649681944033382
150 0.28347340000000004 0.1309307 0.0021649681944033382
151 0.29292250000000003 0.0818317 0.0021649681944033382
152 0.3023716 0.0327327 0.0021649681944033382
153 0.3118207 -0.0163663 0.0021649681944033382
154 0.3212698 -0.0654654 0.0021649681944033382
155 0.33071890000000004 -0.11456440000000001 0.0021649681944033382
156 0.29292250000000003 -0.14729710000000001 0.0021649681944033382
157 0.255126 -0.1800298 0.0021649681944033382
158 0.2173296 -0.21276240000000002 0.0021649681944033382
159 0.1795331 -0.24549510000000002 0.0021649681944033382
160 0.14173670000000002 -0.2782278 0.0021649681944033382
161 0.10394020000000001 -0.31096050000000003 0.0021649681944033382
162 0.0661438 -0.3436932 0.0021649681944033382
163 0.0188982 -0.3273268 0.0021649681944033382
164 -0.0283473 -0.31096050000000003 0.0021649681944033382
165 -0.0755929 -0.29459420000000003 0.0021649681944033382
166 -0.12283849999999999 -0.2782278 0.0021649681944033382
167 -0.170084 -0.26186149999999997 0.0021649681944033382
168 -0.2173296 -0.24549510000000002 0.0021649681944033382
169 -0.3023716 -0.26186149999999997 0.0021649681944033382
170 -0.3118207 -0.21276240000000002 0.0021649681944033382
171 -0.3212698 -0.1636634 0.0021649681944033382
172 -0.33071890000000004 -0.11456440000000001 0.0021649681944033382
173 -0.340168 -0.0654654 0.0021649681944033382
174 -0.3496171 -0.0163663 0.0021649681944033382
175 -0.3590662 0.0327327 0.0021649681944033382
176 -0.3685154 0.0818317 0.0021649681944033382
177 -0.3779645 0.1309307 0.0021649681944033382
178 -0.340168 0.1636634 0.0021649681944033382
179 -0.3023716 0.1963961 0.0021649681944033382
180 -0.2645751 0.22912880000000002 0.0021649681944033382
181 -0.2267787 0.26186149999999997 0.0021649681944033382
182 -0.18898220000000002 0.29459420000000003 0.0021649681944033382
183 -0.1511858 0.3273268 0.0021649681944033382
184 -0.11338930000000001 0.36005950000000003 0.0021649681944033382
185 -0.0755929 0.3927922 0.0021649681944033382
186 -0.0283473 0.37642590000000004 0.0021649681944033382
187 0.0188982 0.36005950000000003 0.0021649681944033382
188 0.0661438 0.3436932 0.0021649681944033382
189 0.11338930000000001 0.3273268 0.0021649681944033382
190 0.1606349 0.31096050000000003 0.0021649681944033382
191 0.20788050000000002 0.29459420000000003 0.0021649681944033382
192 0.255126 0.2782278 0.0021649681944033382
193 0.3023716 0.26186149999999997 0.0021649681944033382
194 0.3118207 0.21276240000000002 0.0021649681944033382
195 0.3212698 0.1636634 0.0021649681944033382
196 0.33071890000000004 0.11456440000000001 0.0021649681944033382
197 0.340168 0.0654654 0.0021649681944033382
198 0.3496171 0.0163663 0.0021649681944033382
199 0.3590662 -0.0327327 0.0021649681944033382
200 0.3685154 -0.0818317 0.0021649681944033382
201 0.3779645 -0.1309307 0.0021649681944033382
202 0.340168 -0.1636634 0.0021649681944033382
203 0.3023716 -0.1963961 0.0021649681944033382
204 0.2645751 -0.22912880000000002 0.0021649681944033382
205 0.2267787 -0.26186149999999997 0.0021649681944033382
206 0.18898220000000002 -0.29459420000000003 0.0021649681944033382
207 0.1511858 -0.3273268 0.0021649681944033382
208 0.11338930000000001 -0.36005950000000003 0.0021649681944033382
209 0.0755929 -0.3927922 0.0021649681944033382
210 0.0283473 -0.37642590000000004 0.0021649681944033382
211 -0.0188982 -0.36005950000000003 0.0021649681944033382
212 -0.0661438 -0.3436932 0.0021649681944033382
213 -0.11338930000000001 -0.3273268 0.0021649681944033382
214 -0.1606349 -0.31096050000000003 0.0021649681944033382
215 -0.20788050000000002 -0.29459420000000003 0.0021649681944033382
216 -0.255126 -0.2782278 0.0021649681944033382
217 -0.340168 -0.29459420000000003 0.0021649681944033382
218 -0.3496171 -0.24549510000000002 0.0021649681944033382
219 -0.3590663 -0.1963961 0.0021649681944033382
220 -0.3685154 -0.14729710000000001 0.0021649681944033382
221 -0.3779645 -0.098198 0.0021649681944033382
222 -0.38741359999999997 -0.049099 0.0021649681944033382
223 -0.3968627 0.0 0.0021649681944033382
224 -0.4063118 0.049099 0.0021649681944033382
225 -0.4157609 0.0981981 0.0021649681944033382
226 -0.42521 0.14729710000000001 0.0021649681944033382
227 -0.38741359999999997 0.1800298 0.0021649681944033382
228 -0.3496171 0.21276240000000002 0.0021649681944033382
229 -0.3118207 0.24549510000000002 0.0021649681944033382
230 -0.2740242 0.2782278 0.0021649681944033382
231 -0.23622780000000002 0.31096050000000003 0.0021649681944033382
232 -0.1984313 0.3436932 0.0021649681944033382
233 -0.1606349 0.37642590000000004 0.0021649681944033382
234 -0.12283849999999999 0.4091585 0.0021649681944033382
235 -0.085042 0.44189120000000004 0.0021649681944033382
236 -0.0377964 0.4255249 0.0021649681944033382
237 0.0094491 0.4091585 0.0021649681944033382
238 0.0566947 0.3927922 0.0021649681944033382
239 0.10394020000000001 0.37642590000000004 0.0021649681944033382
240 0.1511858 0.36005950000000003 0.0021649681944033382
241 0.1984313 0.3436932 0.0021649681944033382
242 0.24567689999999998 0.3273268 0.0021649681944033382
243 0.29292250000000003 0.31096050000000003 0.0021649681944033382
244 0.340168 0.29459420000000003 0.0021649681944033382
245 0.3496171 0.24549510000000002 0.0021649681944033382
246 0.3590663 0.1963961 0.0021649681944033382
247 0.3685154 0.14729710000000001 0.0021649681944033382
248 0.3779645 0.098198 0.0021649681944033382
249 0.38741359999999997 0.049099 0.0021649681944033382
250 0.3968627 0.0 0.0021649681944033382
251 0.4063118 -0.049099 0.0021649681944033382
252 0.4157609 -0.0981981 0.0021649681944033382
253 0.42521 -0.14729710000000001 0.0021649681944033382
254 0.38741359999999997 -0.1800298 0.0021649681944033382
255 0.3496171 -0.21276240000000002 0.0021649681944033382
256 0.3118207 -0.24549510000000002 0.0021649681944033382
257 0.2740242 -0.2782278 0.0021649681944033382
258 0.23622780000000002 -0.31096050000000003 0.0021649681944033382
259 0.1984313 -0.3436932 0.0021649681944033382
260 0.1606349 -0.37642590000000004 0.0021649681944033382
261 0.12283849999999999 -0.4091585 0.0021649681944033382
262 0.085042 -0.44189120000000004 0.0021649681944033382
263 0.0377964 -0.4255249 0.0021649681944033382
264 -0.0094491 -0.4091585 0.0021649681944033382
265 -0.0566947 -0.3927922 0.0021649681944033382
266 -0.10394020000000001 -0.37642590000000004 0.0021649681944033382
267 -0.1511858 -0.36005950000000003 0.0021649681944033382
268 -0.1984313 -0.3436932 0.0021649681944033382
269 -0.24567689999999998 -0.3273268 0.0021649681944033382
270 -0.29292250000000003 -0.31096050000000003 0.0021649681944033382
271 -0.3779645 -0.3273268 0.0021649681944033382
272 -0.38741359999999997 -0.2782278 0.0021649681944033382
273 -0.3968627 -0.22912880000000002 0.0021649681944033382
274 -0.4063118 -0.1800298 0.0021649681944033382
275 -0.4157609 -0.1309307 0.0021649681944033382
276 -0.42521 -0.0818317 0.0021649681944033382
277 -0.4346591 -0.0327327 0.0021649681944033382
278 -0.4441083 0.0163663 0.0021649681944033382
279 -0.4535574 0.0654654 0.0021649681944033382
280 -0.46300650000000004 0.11456440000000001 0.0021649681944033382
281 -0.47245560000000003 0.1636634 0.0021649681944033382
282 -0.4346591 0.1963961 0.0021649681944033382
283 -0.3968627 0.22912880000000002 0.0021649681944033382
284 -0.3590662 0.26186149999999997 0.0021649681944033382
285 -0.3212698 0.29459420000000003 0.0021649681944033382
286 -0.28347340000000004 0.3273268 0.0021649681944033382
287 -0.24567689999999998 0.36005950000000003 0.0021649681944033382
288 -0.20788050000000002 0.3927922 0.0021649681944033382
289 -0.170084 0.4255249 0.0021649681944033382
290 -0.1322876 0.45825760000000004 0.0021649681944033382
291 -0.09449110000000001 0.4909903 0.0021649681944033382
292 -0.047245600000000006 0.4746239 0.0021649681944033382
293 0.0 0.45825760000000004 0.0021649681944033382
294 0.047245600000000006 0.44189120000000004 0.0021649681944033382
295 0.09449110000000001 0.4255249 0.0021649681944033382
296 0.14173670000000002 0.4091585 0.0021649681944033382
297 0.18898220000000002 0.3927922 0.0021649681944033382
298 0.23622780000000002 0.37642590000000004 0.0021649681944033382
