lstchain/resources/LST1Cam.ecsv
# %ECSV 1.0
# ---
# datatype:
# - {name: pix_id, datatype: int64}
# - {name: pix_x, unit: m, datatype: float64}
# - {name: pix_y, unit: m, datatype: float64}
# - {name: pix_area, unit: m2, datatype: float64}
# meta: {CAM_ID: LSTCam, CAM_ROT: 0.0, PIX_ROT: 100.893, PIX_TYPE: hexagon, TAB_TYPE: ctapipe.instrument.CameraGeometry, TAB_VER: '2.0'}
# schema: astropy-2.0
pix_id pix_x pix_y pix_area
[from data line 910]
910 -0.2173296 -0.7037527 0.0021649681944033382
911 -0.2645751 -0.6873864 0.0021649681944033382
912 -0.3118207 -0.67102 0.0021649681944033382
913 -0.3590663 -0.6546537 0.0021649681944033382
914 -0.4063118 -0.6382873 0.0021649681944033382
915 -0.4535574 -0.6219210000000001 0.0021649681944033382
916 -0.5008029 -0.6055546 0.0021649681944033382
917 -0.5480484999999999 -0.5891883 0.0021649681944033382
918 -0.595294 -0.572822 0.0021649681944033382
919 -0.6803361 -0.5891883 0.0021649681944033382
920 -0.6897852 -0.5400893 0.0021649681944033382
921 -0.6992343 -0.4909903 0.0021649681944033382
922 -0.7086834 -0.44189120000000004 0.0021649681944033382
923 -0.7181325000000001 -0.3927922 0.0021649681944033382
924 -0.7275815999999999 -0.3436932 0.0021649681944033382
925 -0.7370307 -0.2945941 0.0021649681944033382
926 -0.7464797999999999 -0.24549510000000002 0.0021649681944033382
927 -0.7559289 -0.1963961 0.0021649681944033382
928 -0.7653781000000001 -0.14729710000000001 0.0021649681944033382
929 -0.7748271999999999 -0.098198 0.0021649681944033382
930 -0.7842763 -0.049099 0.0021649681944033382
931 -0.7937254 0.0 0.0021649681944033382
932 -0.8031745 0.049099 0.0021649681944033382
933 -0.8126236 0.0981981 0.0021649681944033382
934 -0.8220727000000001 0.14729710000000001 0.0021649681944033382
935 -0.8315218 0.1963961 0.0021649681944033382
936 -0.840971 0.24549510000000002 0.0021649681944033382
937 -0.8504201 0.29459420000000003 0.0021649681944033382
938 -0.8126236 0.3273268 0.0021649681944033382
939 -0.7748271999999999 0.36005950000000003 0.0021649681944033382
940 -0.7370307 0.3927922 0.0021649681944033382
941 -0.6992343 0.4255249 0.0021649681944033382
942 -0.6614378000000001 0.45825760000000004 0.0021649681944033382
943 -0.6236414 0.4909903 0.0021649681944033382
944 -0.5858449 0.5237229 0.0021649681944033382
945 -0.5480484999999999 0.5564556 0.0021649681944033382
946 -0.510252 0.5891883 0.0021649681944033382
947 -0.47245560000000003 0.6219210000000001 0.0021649681944033382
948 -0.4346591 0.6546537 0.0021649681944033382
949 -0.3968627 0.6873864 0.0021649681944033382
950 -0.3590662 0.7201190000000001 0.0021649681944033382
951 -0.3212698 0.7528517 0.0021649681944033382
952 -0.28347340000000004 0.7855844 0.0021649681944033382
953 -0.24567689999999998 0.8183171 0.0021649681944033382
954 -0.20788050000000002 0.8510498 0.0021649681944033382
955 -0.170084 0.8837825 0.0021649681944033382
956 -0.12283849999999999 0.8674161 0.0021649681944033382
957 -0.0755929 0.8510498 0.0021649681944033382
958 -0.0283473 0.8346834 0.0021649681944033382
959 0.0188982 0.8183171 0.0021649681944033382
960 0.0661438 0.8019507 0.0021649681944033382
961 0.11338930000000001 0.7855844 0.0021649681944033382
962 0.1606349 0.7692181 0.0021649681944033382
963 0.20788050000000002 0.7528517 0.0021649681944033382
964 0.255126 0.7364854000000001 0.0021649681944033382
965 0.3023716 0.7201190000000001 0.0021649681944033382
966 0.3496171 0.7037527 0.0021649681944033382
967 0.3968627 0.6873864 0.0021649681944033382
968 0.4441083 0.67102 0.0021649681944033382
969 0.49135379999999995 0.6546537 0.0021649681944033382
970 0.5385994 0.6382873 0.0021649681944033382
971 0.5858449 0.6219210000000001 0.0021649681944033382
972 0.6330905 0.6055546 0.0021649681944033382
973 0.6803361 0.5891883 0.0021649681944033382
974 0.6897852 0.5400893 0.0021649681944033382
975 0.6992343 0.4909903 0.0021649681944033382
976 0.7086834 0.44189120000000004 0.0021649681944033382
977 0.7181325000000001 0.3927922 0.0021649681944033382
978 0.7275815999999999 0.3436932 0.0021649681944033382
979 0.7370307 0.2945941 0.0021649681944033382
980 0.7464797999999999 0.24549510000000002 0.0021649681944033382
981 0.7559289 0.1963961 0.0021649681944033382
982 0.7653781000000001 0.14729710000000001 0.0021649681944033382
983 0.7748271999999999 0.098198 0.0021649681944033382
984 0.7842763 0.049099 0.0021649681944033382
985 0.7937254 0.0 0.0021649681944033382
986 0.8031745 -0.049099 0.0021649681944033382
987 0.8126236 -0.0981981 0.0021649681944033382
988 0.8220727000000001 -0.14729710000000001 0.0021649681944033382
989 0.8315218 -0.1963961 0.0021649681944033382
990 0.840971 -0.24549510000000002 0.0021649681944033382
991 0.8504201 -0.29459420000000003 0.0021649681944033382
992 0.8126236 -0.3273268 0.0021649681944033382
993 0.7748271999999999 -0.36005950000000003 0.0021649681944033382
994 0.7370307 -0.3927922 0.0021649681944033382
995 0.6992343 -0.4255249 0.0021649681944033382
996 0.6614378000000001 -0.45825760000000004 0.0021649681944033382
997 0.6236414 -0.4909903 0.0021649681944033382
998 0.5858449 -0.5237229 0.0021649681944033382
999 0.5480484999999999 -0.5564556 0.0021649681944033382
1000 0.510252 -0.5891883 0.0021649681944033382
1001 0.47245560000000003 -0.6219210000000001 0.0021649681944033382
1002 0.4346591 -0.6546537 0.0021649681944033382
1003 0.3968627 -0.6873864 0.0021649681944033382
1004 0.3590662 -0.7201190000000001 0.0021649681944033382
1005 0.3212698 -0.7528517 0.0021649681944033382
1006 0.28347340000000004 -0.7855844 0.0021649681944033382
1007 0.24567689999999998 -0.8183171 0.0021649681944033382
1008 0.20788050000000002 -0.8510498 0.0021649681944033382
1009 0.170084 -0.8837825 0.0021649681944033382
1010 0.12283849999999999 -0.8674161 0.0021649681944033382
1011 0.0755929 -0.8510498 0.0021649681944033382
1012 0.0283473 -0.8346834 0.0021649681944033382
1013 -0.0188982 -0.8183171 0.0021649681944033382
1014 -0.0661438 -0.8019507 0.0021649681944033382
1015 -0.11338930000000001 -0.7855844 0.0021649681944033382
1016 -0.1606349 -0.7692181 0.0021649681944033382
1017 -0.20788050000000002 -0.7528517 0.0021649681944033382
1018 -0.255126 -0.7364854000000001 0.0021649681944033382
1019 -0.3023716 -0.7201190000000001 0.0021649681944033382
1020 -0.3496171 -0.7037527 0.0021649681944033382
1021 -0.3968627 -0.6873864 0.0021649681944033382
1022 -0.4441083 -0.67102 0.0021649681944033382
1023 -0.49135379999999995 -0.6546537 0.0021649681944033382
1024 -0.5385994 -0.6382873 0.0021649681944033382
1025 -0.5858449 -0.6219210000000001 0.0021649681944033382
1026 -0.6330905 -0.6055546 0.0021649681944033382
1027 -0.7181325000000001 -0.6219210000000001 0.0021649681944033382
1028 -0.7275815999999999 -0.572822 0.0021649681944033382
1029 -0.7370307 -0.5237229 0.0021649681944033382
1030 -0.7464797999999999 -0.4746239 0.0021649681944033382
1031 -0.7559289 -0.4255249 0.0021649681944033382
1032 -0.7653781000000001 -0.37642590000000004 0.0021649681944033382
1033 -0.7748271999999999 -0.3273268 0.0021649681944033382
1034 -0.7842763 -0.2782278 0.0021649681944033382
1035 -0.7937254 -0.22912880000000002 0.0021649681944033382
1036 -0.8031745 -0.1800298 0.0021649681944033382
1037 -0.8126236 -0.1309307 0.0021649681944033382
1038 -0.8220727000000001 -0.0818317 0.0021649681944033382
1039 -0.8315218 -0.0327327 0.0021649681944033382
1040 -0.840971 0.0163663 0.0021649681944033382
1041 -0.8504201 0.0654654 0.0021649681944033382
1042 -0.8598692 0.11456440000000001 0.0021649681944033382
1043 -0.8693183 0.1636634 0.0021649681944033382
1044 -0.8787674 0.21276240000000002 0.0021649681944033382
1045 -0.8882165 0.26186149999999997 0.0021649681944033382
1046 -0.8976656000000001 0.31096050000000003 0.0021649681944033382
1047 -0.8598692 0.3436932 0.0021649681944033382
1048 -0.8220727000000001 0.37642590000000004 0.0021649681944033382
1049 -0.7842763 0.4091585 0.0021649681944033382
1050 -0.7464797999999999 0.44189120000000004 0.0021649681944033382
1051 -0.7086834 0.4746239 0.0021649681944033382
1052 -0.6708869 0.5073566 0.0021649681944033382
1053 -0.6330905 0.5400893 0.0021649681944033382
1054 -0.595294 0.572822 0.0021649681944033382
1055 -0.5574976 0.6055546 0.0021649681944033382
1056 -0.5197011 0.6382873 0.0021649681944033382
1057 -0.48190469999999996 0.67102 0.0021649681944033382
1058 -0.4441083 0.7037527 0.0021649681944033382
1059 -0.4063118 0.7364854000000001 0.0021649681944033382
1060 -0.3685154 0.7692181 0.0021649681944033382
1061 -0.33071890000000004 0.8019507 0.0021649681944033382
1062 -0.29292250000000003 0.8346834 0.0021649681944033382
1063 -0.255126 0.8674161 0.0021649681944033382
1064 -0.2173296 0.9001488000000001 0.0021649681944033382
1065 -0.1795331 0.9328814999999999 0.0021649681944033382
1066 -0.1322876 0.9165150999999999 0.0021649681944033382
1067 -0.085042 0.9001488000000001 0.0021649681944033382
1068 -0.0377964 0.8837825 0.0021649681944033382
1069 0.0094491 0.8674161 0.0021649681944033382
1070 0.0566947 0.8510498 0.0021649681944033382
1071 0.10394020000000001 0.8346834 0.0021649681944033382
1072 0.1511858 0.8183171 0.0021649681944033382
1073 0.1984314 0.8019507 0.0021649681944033382
1074 0.24567689999999998 0.7855844 0.0021649681944033382
1075 0.29292250000000003 0.7692181 0.0021649681944033382
1076 0.340168 0.7528517 0.0021649681944033382
1077 0.38741359999999997 0.7364854000000001 0.0021649681944033382
1078 0.4346591 0.7201190000000001 0.0021649681944033382
1079 0.48190469999999996 0.7037527 0.0021649681944033382
1080 0.5291503 0.6873864 0.0021649681944033382
1081 0.5763958 0.67102 0.0021649681944033382
1082 0.6236414 0.6546537 0.0021649681944033382
1083 0.6708869 0.6382873 0.0021649681944033382
1084 0.7181325000000001 0.6219210000000001 0.0021649681944033382
1085 0.7275815999999999 0.572822 0.0021649681944033382
1086 0.7370307 0.5237229 0.0021649681944033382
1087 0.7464797999999999 0.4746239 0.0021649681944033382
1088 0.7559289 0.4255249 0.0021649681944033382
1089 0.7653781000000001 0.37642590000000004 0.0021649681944033382
1090 0.7748271999999999 0.3273268 0.0021649681944033382
1091 0.7842763 0.2782278 0.0021649681944033382
1092 0.7937254 0.22912880000000002 0.0021649681944033382
1093 0.8031745 0.1800298 0.0021649681944033382
1094 0.8126236 0.1309307 0.0021649681944033382
1095 0.8220727000000001 0.0818317 0.0021649681944033382
1096 0.8315218 0.0327327 0.0021649681944033382
1097 0.840971 -0.0163663 0.0021649681944033382
1098 0.8504201 -0.0654654 0.0021649681944033382
1099 0.8598692 -0.11456440000000001 0.0021649681944033382
1100 0.8693183 -0.1636634 0.0021649681944033382
1101 0.8787674 -0.21276240000000002 0.0021649681944033382
1102 0.8882165 -0.26186149999999997 0.0021649681944033382
1103 0.8976656000000001 -0.31096050000000003 0.0021649681944033382
1104 0.8598692 -0.3436932 0.0021649681944033382
1105 0.8220727000000001 -0.37642590000000004 0.0021649681944033382
1106 0.7842763 -0.4091585 0.0021649681944033382
1107 0.7464797999999999 -0.44189120000000004 0.0021649681944033382
1108 0.7086834 -0.4746239 0.0021649681944033382
1109 0.6708869 -0.5073566 0.0021649681944033382
1110 0.6330905 -0.5400893 0.0021649681944033382
1111 0.595294 -0.572822 0.0021649681944033382
1112 0.5574976 -0.6055546 0.0021649681944033382
1113 0.5197011 -0.6382873 0.0021649681944033382
1114 0.48190469999999996 -0.67102 0.0021649681944033382
1115 0.4441083 -0.7037527 0.0021649681944033382
1116 0.4063118 -0.7364854000000001 0.0021649681944033382
1117 0.3685154 -0.7692181 0.0021649681944033382
1118 0.33071890000000004 -0.8019507 0.0021649681944033382
1119 0.29292250000000003 -0.8346834 0.0021649681944033382
1120 0.255126 -0.8674161 0.0021649681944033382
1121 0.2173296 -0.9001488000000001 0.0021649681944033382
1122 0.1795331 -0.9328814999999999 0.0021649681944033382
1123 0.1322876 -0.9165150999999999 0.0021649681944033382
1124 0.085042 -0.9001488000000001 0.0021649681944033382
1125 0.0377964 -0.8837825 0.0021649681944033382
1126 -0.0094491 -0.8674161 0.0021649681944033382
1127 -0.0566947 -0.8510498 0.0021649681944033382
1128 -0.10394020000000001 -0.8346834 0.0021649681944033382
1129 -0.1511858 -0.8183171 0.0021649681944033382
1130 -0.1984314 -0.8019507 0.0021649681944033382
1131 -0.24567689999999998 -0.7855844 0.0021649681944033382
1132 -0.29292250000000003 -0.7692181 0.0021649681944033382
1133 -0.340168 -0.7528517 0.0021649681944033382
1134 -0.38741359999999997 -0.7364854000000001 0.0021649681944033382
1135 -0.4346591 -0.7201190000000001 0.0021649681944033382
1136 -0.48190469999999996 -0.7037527 0.0021649681944033382
1137 -0.5291503 -0.6873864 0.0021649681944033382
1138 -0.5763958 -0.67102 0.0021649681944033382
1139 -0.6236414 -0.6546537 0.0021649681944033382
1140 -0.6708869 -0.6382873 0.0021649681944033382
1141 -0.7559289 -0.6546537 0.0021649681944033382
1142 -0.7653781000000001 -0.6055546 0.0021649681944033382
1143 -0.7748271999999999 -0.5564556 0.0021649681944033382
1144 -0.7842763 -0.5073566 0.0021649681944033382
1145 -0.7937254 -0.45825760000000004 0.0021649681944033382
1146 -0.8031745 -0.4091585 0.0021649681944033382
1147 -0.8126236 -0.36005950000000003 0.0021649681944033382
1148 -0.8220727000000001 -0.31096050000000003 0.0021649681944033382
1149 -0.8315218 -0.26186149999999997 0.0021649681944033382
1150 -0.840971 -0.21276240000000002 0.0021649681944033382
1151 -0.8504201 -0.1636634 0.0021649681944033382
1152 -0.8598692 -0.11456440000000001 0.0021649681944033382
1153 -0.8693183 -0.0654654 0.0021649681944033382
1154 -0.8787674 -0.0163663 0.0021649681944033382
1155 -0.8882165 0.0327327 0.0021649681944033382
1156 -0.8976656000000001 0.0818317 0.0021649681944033382
1157 -0.9071146999999999 0.1309307 0.0021649681944033382
1158 -0.9165638 0.1800298 0.0021649681944033382
1159 -0.9260130000000001 0.22912880000000002 0.0021649681944033382
1160 -0.9354621 0.2782278 0.0021649681944033382
1161 -0.9449112000000001 0.3273268 0.0021649681944033382
1162 -0.9071146999999999 0.36005950000000003 0.0021649681944033382
1163 -0.8693183 0.3927922 0.0021649681944033382
1164 -0.8315218 0.4255249 0.0021649681944033382
1165 -0.7937254 0.45825760000000004 0.0021649681944033382
1166 -0.7559289 0.4909903 0.0021649681944033382
1167 -0.7181325000000001 0.5237229 0.0021649681944033382
1168 -0.680336 0.5564556 0.0021649681944033382
1169 -0.6425396 0.5891883 0.0021649681944033382
1170 -0.6047432 0.6219210000000001 0.0021649681944033382
1171 -0.5669466999999999 0.6546537 0.0021649681944033382
1172 -0.5291503 0.6873864 0.0021649681944033382
1173 -0.49135379999999995 0.7201190000000001 0.0021649681944033382
1174 -0.4535574 0.7528517 0.0021649681944033382
1175 -0.4157609 0.7855844 0.0021649681944033382
1176 -0.3779645 0.8183171 0.0021649681944033382
1177 -0.340168 0.8510498 0.0021649681944033382
1178 -0.3023716 0.8837825 0.0021649681944033382
1179 -0.2645751 0.9165150999999999 0.0021649681944033382
1180 -0.2267787 0.9492478 0.0021649681944033382
1181 -0.18898220000000002 0.9819805 0.0021649681944033382
1182 -0.14173670000000002 0.9656142 0.0021649681944033382
1183 -0.09449110000000001 0.9492478 0.0021649681944033382
1184 -0.047245600000000006 0.9328814999999999 0.0021649681944033382
1185 0.0 0.9165150999999999 0.0021649681944033382
1186 0.047245600000000006 0.9001488000000001 0.0021649681944033382
1187 0.09449110000000001 0.8837825 0.0021649681944033382
1188 0.14173670000000002 0.8674161 0.0021649681944033382
1189 0.18898220000000002 0.8510498 0.0021649681944033382
1190 0.23622780000000002 0.8346834 0.0021649681944033382
1191 0.28347340000000004 0.8183171 0.0021649681944033382
1192 0.33071890000000004 0.8019507 0.0021649681944033382
1193 0.3779645 0.7855844 0.0021649681944033382
1194 0.42521 0.7692181 0.0021649681944033382
1195 0.47245560000000003 0.7528517 0.0021649681944033382
1196 0.5197012 0.7364854000000001 0.0021649681944033382
1197 0.5669466999999999 0.7201190000000001 0.0021649681944033382
1198 0.6141923 0.7037527 0.0021649681944033382
1199 0.6614378000000001 0.6873864 0.0021649681944033382
1200 0.7086834 0.67102 0.0021649681944033382
1201 0.7559289 0.6546537 0.0021649681944033382
1202 0.7653781000000001 0.6055546 0.0021649681944033382
1203 0.7748271999999999 0.5564556 0.0021649681944033382
1204 0.7842763 0.5073566 0.0021649681944033382
1205 0.7937254 0.45825760000000004 0.0021649681944033382
1206 0.8031745 0.4091585 0.0021649681944033382
1207 0.8126236 0.36005950000000003 0.0021649681944033382
1208 0.8220727000000001 0.31096050000000003 0.0021649681944033382
1209 0.8315218 0.26186149999999997 0.0021649681944033382
