lstchain/resources/LST1Cam.ecsv
# %ECSV 1.0
# ---
# datatype:
# - {name: pix_id, datatype: int64}
# - {name: pix_x, unit: m, datatype: float64}
# - {name: pix_y, unit: m, datatype: float64}
# - {name: pix_area, unit: m2, datatype: float64}
# meta: {CAM_ID: LSTCam, CAM_ROT: 0.0, PIX_ROT: 100.893, PIX_TYPE: hexagon, TAB_TYPE: ctapipe.instrument.CameraGeometry, TAB_VER: '2.0'}
# schema: astropy-2.0
pix_id pix_x pix_y pix_area
[from data line 1211]
1211 0.8504201 0.1636634 0.0021649681944033382
1212 0.8598692 0.11456440000000001 0.0021649681944033382
1213 0.8693183 0.0654654 0.0021649681944033382
1214 0.8787674 0.0163663 0.0021649681944033382
1215 0.8882165 -0.0327327 0.0021649681944033382
1216 0.8976656000000001 -0.0818317 0.0021649681944033382
1217 0.9071146999999999 -0.1309307 0.0021649681944033382
1218 0.9165638 -0.1800298 0.0021649681944033382
1219 0.9260130000000001 -0.22912880000000002 0.0021649681944033382
1220 0.9354621 -0.2782278 0.0021649681944033382
1221 0.9449112000000001 -0.3273268 0.0021649681944033382
1222 0.9071146999999999 -0.36005950000000003 0.0021649681944033382
1223 0.8693183 -0.3927922 0.0021649681944033382
1224 0.8315218 -0.4255249 0.0021649681944033382
1225 0.7937254 -0.45825760000000004 0.0021649681944033382
1226 0.7559289 -0.4909903 0.0021649681944033382
1227 0.7181325000000001 -0.5237229 0.0021649681944033382
1228 0.680336 -0.5564556 0.0021649681944033382
1229 0.6425396 -0.5891883 0.0021649681944033382
1230 0.6047432 -0.6219210000000001 0.0021649681944033382
1231 0.5669466999999999 -0.6546537 0.0021649681944033382
1232 0.5291503 -0.6873864 0.0021649681944033382
1233 0.49135379999999995 -0.7201190000000001 0.0021649681944033382
1234 0.4535574 -0.7528517 0.0021649681944033382
1235 0.4157609 -0.7855844 0.0021649681944033382
1236 0.3779645 -0.8183171 0.0021649681944033382
1237 0.340168 -0.8510498 0.0021649681944033382
1238 0.3023716 -0.8837825 0.0021649681944033382
1239 0.2645751 -0.9165150999999999 0.0021649681944033382
1240 0.2267787 -0.9492478 0.0021649681944033382
1241 0.18898220000000002 -0.9819805 0.0021649681944033382
1242 0.14173670000000002 -0.9656142 0.0021649681944033382
1243 0.09449110000000001 -0.9492478 0.0021649681944033382
1244 0.047245600000000006 -0.9328814999999999 0.0021649681944033382
1245 0.0 -0.9165150999999999 0.0021649681944033382
1246 -0.047245600000000006 -0.9001488000000001 0.0021649681944033382
1247 -0.09449110000000001 -0.8837825 0.0021649681944033382
1248 -0.14173670000000002 -0.8674161 0.0021649681944033382
1249 -0.18898220000000002 -0.8510498 0.0021649681944033382
1250 -0.23622780000000002 -0.8346834 0.0021649681944033382
1251 -0.28347340000000004 -0.8183171 0.0021649681944033382
1252 -0.33071890000000004 -0.8019507 0.0021649681944033382
1253 -0.3779645 -0.7855844 0.0021649681944033382
1254 -0.42521 -0.7692181 0.0021649681944033382
1255 -0.47245560000000003 -0.7528517 0.0021649681944033382
1256 -0.5197012 -0.7364854000000001 0.0021649681944033382
1257 -0.5669466999999999 -0.7201190000000001 0.0021649681944033382
1258 -0.6141923 -0.7037527 0.0021649681944033382
1259 -0.6614378000000001 -0.6873864 0.0021649681944033382
1260 -0.7086834 -0.67102 0.0021649681944033382
1261 -0.7937254 -0.6873864 0.0021649681944033382
1262 -0.8031745 -0.6382873 0.0021649681944033382
1263 -0.8126236 -0.5891883 0.0021649681944033382
1264 -0.8220727000000001 -0.5400893 0.0021649681944033382
1265 -0.8315218 -0.49099020000000004 0.0021649681944033382
1266 -0.840971 -0.44189120000000004 0.0021649681944033382
1267 -0.8504201 -0.3927922 0.0021649681944033382
1268 -0.8598692 -0.3436932 0.0021649681944033382
1269 -0.8693183 -0.2945941 0.0021649681944033382
1270 -0.8787674 -0.24549510000000002 0.0021649681944033382
1271 -0.8882165 -0.1963961 0.0021649681944033382
1272 -0.8976656000000001 -0.14729710000000001 0.0021649681944033382
1273 -0.9071146999999999 -0.098198 0.0021649681944033382
1274 -0.9165638 -0.049099 0.0021649681944033382
1275 -0.9260130000000001 0.0 0.0021649681944033382
1276 -0.9354621 0.049099 0.0021649681944033382
1277 -0.9449112000000001 0.0981981 0.0021649681944033382
1278 -0.9543603 0.14729710000000001 0.0021649681944033382
1279 -0.9638093999999999 0.1963961 0.0021649681944033382
1280 -0.9732585 0.24549510000000002 0.0021649681944033382
1281 -0.9827075999999999 0.29459420000000003 0.0021649681944033382
1282 -0.9921567 0.3436932 0.0021649681944033382
1283 -0.9543603 0.37642590000000004 0.0021649681944033382
1284 -0.9165638 0.4091585 0.0021649681944033382
1285 -0.8787674 0.44189120000000004 0.0021649681944033382
1286 -0.840971 0.4746239 0.0021649681944033382
1287 -0.8031745 0.5073566 0.0021649681944033382
1288 -0.7653781000000001 0.5400893 0.0021649681944033382
1289 -0.7275815999999999 0.572822 0.0021649681944033382
1290 -0.6897852 0.6055546 0.0021649681944033382
1291 -0.6519887 0.6382873 0.0021649681944033382
1292 -0.6141923 0.67102 0.0021649681944033382
1293 -0.5763958 0.7037527 0.0021649681944033382
1294 -0.5385994 0.7364854000000001 0.0021649681944033382
1295 -0.5008029 0.7692181 0.0021649681944033382
1296 -0.46300650000000004 0.8019507 0.0021649681944033382
1297 -0.42521 0.8346834 0.0021649681944033382
1298 -0.38741359999999997 0.8674161 0.0021649681944033382
1299 -0.3496171 0.9001488000000001 0.0021649681944033382
1300 -0.3118207 0.9328814999999999 0.0021649681944033382
1301 -0.2740242 0.9656142 0.0021649681944033382
1302 -0.23622780000000002 0.9983468 0.0021649681944033382
1303 -0.1984313 1.0310795000000001 0.0021649681944033382
1304 -0.1511858 1.0147132 0.0021649681944033382
1305 -0.10394020000000001 0.9983468 0.0021649681944033382
1306 -0.0566947 0.9819805 0.0021649681944033382
1307 -0.0094491 0.9656142 0.0021649681944033382
1308 0.037796500000000004 0.9492478 0.0021649681944033382
1309 0.085042 0.9328814999999999 0.0021649681944033382
1310 0.1322876 0.9165150999999999 0.0021649681944033382
1311 0.1795331 0.9001488000000001 0.0021649681944033382
1312 0.2267787 0.8837825 0.0021649681944033382
1313 0.2740242 0.8674161 0.0021649681944033382
1314 0.3212698 0.8510498 0.0021649681944033382
1315 0.3685154 0.8346834 0.0021649681944033382
1316 0.4157609 0.8183171 0.0021649681944033382
1317 0.46300650000000004 0.8019507 0.0021649681944033382
1318 0.510252 0.7855844 0.0021649681944033382
1319 0.5574976 0.7692181 0.0021649681944033382
1320 0.6047432 0.7528517 0.0021649681944033382
1321 0.6519887 0.7364854000000001 0.0021649681944033382
1322 0.6992343 0.7201190000000001 0.0021649681944033382
1323 0.7464797999999999 0.7037527 0.0021649681944033382
1324 0.7937254 0.6873864 0.0021649681944033382
1325 0.8031745 0.6382873 0.0021649681944033382
1326 0.8126236 0.5891883 0.0021649681944033382
1327 0.8220727000000001 0.5400893 0.0021649681944033382
1328 0.8315218 0.49099020000000004 0.0021649681944033382
1329 0.840971 0.44189120000000004 0.0021649681944033382
1330 0.8504201 0.3927922 0.0021649681944033382
1331 0.8598692 0.3436932 0.0021649681944033382
1332 0.8693183 0.2945941 0.0021649681944033382
1333 0.8787674 0.24549510000000002 0.0021649681944033382
1334 0.8882165 0.1963961 0.0021649681944033382
1335 0.8976656000000001 0.14729710000000001 0.0021649681944033382
1336 0.9071146999999999 0.098198 0.0021649681944033382
1337 0.9165638 0.049099 0.0021649681944033382
1338 0.9260130000000001 0.0 0.0021649681944033382
1339 0.9354621 -0.049099 0.0021649681944033382
1340 0.9449112000000001 -0.0981981 0.0021649681944033382
1341 0.9543603 -0.14729710000000001 0.0021649681944033382
1342 0.9638093999999999 -0.1963961 0.0021649681944033382
1343 0.9732585 -0.24549510000000002 0.0021649681944033382
1344 0.9827075999999999 -0.29459420000000003 0.0021649681944033382
1345 0.9921567 -0.3436932 0.0021649681944033382
1346 0.9543603 -0.37642590000000004 0.0021649681944033382
1347 0.9165638 -0.4091585 0.0021649681944033382
1348 0.8787674 -0.44189120000000004 0.0021649681944033382
1349 0.840971 -0.4746239 0.0021649681944033382
1350 0.8031745 -0.5073566 0.0021649681944033382
1351 0.7653781000000001 -0.5400893 0.0021649681944033382
1352 0.7275815999999999 -0.572822 0.0021649681944033382
1353 0.6897852 -0.6055546 0.0021649681944033382
1354 0.6519887 -0.6382873 0.0021649681944033382
1355 0.6141923 -0.67102 0.0021649681944033382
1356 0.5763958 -0.7037527 0.0021649681944033382
1357 0.5385994 -0.7364854000000001 0.0021649681944033382
1358 0.5008029 -0.7692181 0.0021649681944033382
1359 0.46300650000000004 -0.8019507 0.0021649681944033382
1360 0.42521 -0.8346834 0.0021649681944033382
1361 0.38741359999999997 -0.8674161 0.0021649681944033382
1362 0.3496171 -0.9001488000000001 0.0021649681944033382
1363 0.3118207 -0.9328814999999999 0.0021649681944033382
1364 0.2740242 -0.9656142 0.0021649681944033382
1365 0.23622780000000002 -0.9983468 0.0021649681944033382
1366 0.1984313 -1.0310795000000001 0.0021649681944033382
1367 0.1511858 -1.0147132 0.0021649681944033382
1368 0.10394020000000001 -0.9983468 0.0021649681944033382
1369 0.0566947 -0.9819805 0.0021649681944033382
1370 0.0094491 -0.9656142 0.0021649681944033382
1371 -0.037796500000000004 -0.9492478 0.0021649681944033382
1372 -0.085042 -0.9328814999999999 0.0021649681944033382
1373 -0.1322876 -0.9165150999999999 0.0021649681944033382
1374 -0.1795331 -0.9001488000000001 0.0021649681944033382
1375 -0.2267787 -0.8837825 0.0021649681944033382
1376 -0.2740242 -0.8674161 0.0021649681944033382
1377 -0.3212698 -0.8510498 0.0021649681944033382
1378 -0.3685154 -0.8346834 0.0021649681944033382
1379 -0.4157609 -0.8183171 0.0021649681944033382
1380 -0.46300650000000004 -0.8019507 0.0021649681944033382
1381 -0.510252 -0.7855844 0.0021649681944033382
1382 -0.5574976 -0.7692181 0.0021649681944033382
1383 -0.6047432 -0.7528517 0.0021649681944033382
1384 -0.6519887 -0.7364854000000001 0.0021649681944033382
1385 -0.6992343 -0.7201190000000001 0.0021649681944033382
1386 -0.7464797999999999 -0.7037527 0.0021649681944033382
1387 -0.8315218 -0.7201190000000001 0.0021649681944033382
1388 -0.840971 -0.67102 0.0021649681944033382
1389 -0.8504201 -0.6219210000000001 0.0021649681944033382
1390 -0.8598692 -0.572822 0.0021649681944033382
1391 -0.8693183 -0.5237229 0.0021649681944033382
1392 -0.8787674 -0.4746239 0.0021649681944033382
1393 -0.8882165 -0.4255249 0.0021649681944033382
1394 -0.8976656000000001 -0.37642590000000004 0.0021649681944033382
1395 -0.9071146999999999 -0.3273268 0.0021649681944033382
1396 -0.9165638 -0.2782278 0.0021649681944033382
1397 -0.9260130000000001 -0.22912880000000002 0.0021649681944033382
1398 -0.9354621 -0.1800298 0.0021649681944033382
1399 -0.9449112000000001 -0.1309307 0.0021649681944033382
1400 -0.9543603 -0.0818317 0.0021649681944033382
1401 -0.9638093999999999 -0.0327327 0.0021649681944033382
1402 -0.9732585 0.0163663 0.0021649681944033382
1403 -0.9827075999999999 0.0654654 0.0021649681944033382
1404 -0.9921567 0.11456440000000001 0.0021649681944033382
1405 -1.0016059 0.1636634 0.0021649681944033382
1406 -1.011055 0.21276240000000002 0.0021649681944033382
1407 -1.0205041 0.26186149999999997 0.0021649681944033382
1408 -1.0299532 0.31096050000000003 0.0021649681944033382
1409 -1.0394023 0.36005950000000003 0.0021649681944033382
1410 -1.0016059 0.3927922 0.0021649681944033382
1411 -0.9638093999999999 0.4255249 0.0021649681944033382
1412 -0.9260130000000001 0.45825760000000004 0.0021649681944033382
1413 -0.8882165 0.4909903 0.0021649681944033382
1414 -0.8504201 0.5237229 0.0021649681944033382
1415 -0.8126236 0.5564556 0.0021649681944033382
1416 -0.7748271999999999 0.5891883 0.0021649681944033382
1417 -0.7370307 0.6219210000000001 0.0021649681944033382
1418 -0.6992343 0.6546537 0.0021649681944033382
1419 -0.6614378000000001 0.6873864 0.0021649681944033382
1420 -0.6236414 0.7201190000000001 0.0021649681944033382
1421 -0.5858449 0.7528517 0.0021649681944033382
1422 -0.5480484999999999 0.7855844 0.0021649681944033382
1423 -0.510252 0.8183171 0.0021649681944033382
1424 -0.47245560000000003 0.8510498 0.0021649681944033382
1425 -0.4346591 0.8837825 0.0021649681944033382
1426 -0.3968627 0.9165150999999999 0.0021649681944033382
1427 -0.3590662 0.9492478 0.0021649681944033382
1428 -0.3212698 0.9819805 0.0021649681944033382
1429 -0.28347340000000004 1.0147132 0.0021649681944033382
1430 -0.24567689999999998 1.0474459 0.0021649681944033382
1431 -0.20788050000000002 1.0801786 0.0021649681944033382
1432 -0.1606349 1.0638122 0.0021649681944033382
1433 -0.11338930000000001 1.0474459 0.0021649681944033382
1434 -0.0661438 1.0310795000000001 0.0021649681944033382
1435 -0.0188982 1.0147132 0.0021649681944033382
1436 0.0283473 0.9983468 0.0021649681944033382
1437 0.0755929 0.9819805 0.0021649681944033382
1438 0.12283849999999999 0.9656142 0.0021649681944033382
1439 0.170084 0.9492478 0.0021649681944033382
1440 0.2173296 0.9328814999999999 0.0021649681944033382
1441 0.2645751 0.9165150999999999 0.0021649681944033382
1442 0.3118207 0.9001488000000001 0.0021649681944033382
1443 0.3590663 0.8837825 0.0021649681944033382
1444 0.4063118 0.8674161 0.0021649681944033382
1445 0.4535574 0.8510498 0.0021649681944033382
1446 0.5008029 0.8346834 0.0021649681944033382
1447 0.5480484999999999 0.8183171 0.0021649681944033382
1448 0.595294 0.8019507 0.0021649681944033382
1449 0.6425396 0.7855844 0.0021649681944033382
1450 0.6897852 0.7692181 0.0021649681944033382
1451 0.7370307 0.7528517 0.0021649681944033382
1452 0.7842763 0.7364854000000001 0.0021649681944033382
1453 0.8315218 0.7201190000000001 0.0021649681944033382
1454 0.840971 0.67102 0.0021649681944033382
1455 0.8504201 0.6219210000000001 0.0021649681944033382
1456 0.8598692 0.572822 0.0021649681944033382
1457 0.8693183 0.5237229 0.0021649681944033382
1458 0.8787674 0.4746239 0.0021649681944033382
1459 0.8882165 0.4255249 0.0021649681944033382
1460 0.8976656000000001 0.37642590000000004 0.0021649681944033382
1461 0.9071146999999999 0.3273268 0.0021649681944033382
1462 0.9165638 0.2782278 0.0021649681944033382
1463 0.9260130000000001 0.22912880000000002 0.0021649681944033382
1464 0.9354621 0.1800298 0.0021649681944033382
1465 0.9449112000000001 0.1309307 0.0021649681944033382
1466 0.9543603 0.0818317 0.0021649681944033382
1467 0.9638093999999999 0.0327327 0.0021649681944033382
1468 0.9732585 -0.0163663 0.0021649681944033382
1469 0.9827075999999999 -0.0654654 0.0021649681944033382
1470 0.9921567 -0.11456440000000001 0.0021649681944033382
1471 1.0016059 -0.1636634 0.0021649681944033382
1472 1.011055 -0.21276240000000002 0.0021649681944033382
1473 1.0205041 -0.26186149999999997 0.0021649681944033382
1474 1.0299532 -0.31096050000000003 0.0021649681944033382
1475 1.0394023 -0.36005950000000003 0.0021649681944033382
1476 1.0016059 -0.3927922 0.0021649681944033382
1477 0.9638093999999999 -0.4255249 0.0021649681944033382
1478 0.9260130000000001 -0.45825760000000004 0.0021649681944033382
1479 0.8882165 -0.4909903 0.0021649681944033382
1480 0.8504201 -0.5237229 0.0021649681944033382
1481 0.8126236 -0.5564556 0.0021649681944033382
1482 0.7748271999999999 -0.5891883 0.0021649681944033382
1483 0.7370307 -0.6219210000000001 0.0021649681944033382
1484 0.6992343 -0.6546537 0.0021649681944033382
1485 0.6614378000000001 -0.6873864 0.0021649681944033382
1486 0.6236414 -0.7201190000000001 0.0021649681944033382
1487 0.5858449 -0.7528517 0.0021649681944033382
1488 0.5480484999999999 -0.7855844 0.0021649681944033382
1489 0.510252 -0.8183171 0.0021649681944033382
1490 0.47245560000000003 -0.8510498 0.0021649681944033382
1491 0.4346591 -0.8837825 0.0021649681944033382
1492 0.3968627 -0.9165150999999999 0.0021649681944033382
1493 0.3590662 -0.9492478 0.0021649681944033382
1494 0.3212698 -0.9819805 0.0021649681944033382
1495 0.28347340000000004 -1.0147132 0.0021649681944033382
1496 0.24567689999999998 -1.0474459 0.0021649681944033382
1497 0.20788050000000002 -1.0801786 0.0021649681944033382
1498 0.1606349 -1.0638122 0.0021649681944033382
1499 0.11338930000000001 -1.0474459 0.0021649681944033382
1500 0.0661438 -1.0310795000000001 0.0021649681944033382
1501 0.0188982 -1.0147132 0.0021649681944033382
1502 -0.0283473 -0.9983468 0.0021649681944033382
1503 -0.0755929 -0.9819805 0.0021649681944033382
1504 -0.12283849999999999 -0.9656142 0.0021649681944033382
1505 -0.170084 -0.9492478 0.0021649681944033382
1506 -0.2173296 -0.9328814999999999 0.0021649681944033382
1507 -0.2645751 -0.9165150999999999 0.0021649681944033382
1508 -0.3118207 -0.9001488000000001 0.0021649681944033382
1509 -0.3590663 -0.8837825 0.0021649681944033382
1510 -0.4063118 -0.8674161 0.0021649681944033382
