lstchain/resources/LST1Cam.ecsv
# %ECSV 1.0
# ---
# datatype:
# - {name: pix_id, datatype: int64}
# - {name: pix_x, unit: m, datatype: float64}
# - {name: pix_y, unit: m, datatype: float64}
# - {name: pix_area, unit: m2, datatype: float64}
# meta: {CAM_ID: LSTCam, CAM_ROT: 0.0, PIX_ROT: 100.893, PIX_TYPE: hexagon, TAB_TYPE: ctapipe.instrument.CameraGeometry, TAB_VER: '2.0'}
# schema: astropy-2.0
pix_id pix_x pix_y pix_area
[from data line 300]
300 0.33071890000000004 0.3436932 0.0021649681944033382
301 0.3779645 0.3273268 0.0021649681944033382
302 0.38741359999999997 0.2782278 0.0021649681944033382
303 0.3968627 0.22912880000000002 0.0021649681944033382
304 0.4063118 0.1800298 0.0021649681944033382
305 0.4157609 0.1309307 0.0021649681944033382
306 0.42521 0.0818317 0.0021649681944033382
307 0.4346591 0.0327327 0.0021649681944033382
308 0.4441083 -0.0163663 0.0021649681944033382
309 0.4535574 -0.0654654 0.0021649681944033382
310 0.46300650000000004 -0.11456440000000001 0.0021649681944033382
311 0.47245560000000003 -0.1636634 0.0021649681944033382
312 0.4346591 -0.1963961 0.0021649681944033382
313 0.3968627 -0.22912880000000002 0.0021649681944033382
314 0.3590662 -0.26186149999999997 0.0021649681944033382
315 0.3212698 -0.29459420000000003 0.0021649681944033382
316 0.28347340000000004 -0.3273268 0.0021649681944033382
317 0.24567689999999998 -0.36005950000000003 0.0021649681944033382
318 0.20788050000000002 -0.3927922 0.0021649681944033382
319 0.170084 -0.4255249 0.0021649681944033382
320 0.1322876 -0.45825760000000004 0.0021649681944033382
321 0.09449110000000001 -0.4909903 0.0021649681944033382
322 0.047245600000000006 -0.4746239 0.0021649681944033382
323 0.0 -0.45825760000000004 0.0021649681944033382
324 -0.047245600000000006 -0.44189120000000004 0.0021649681944033382
325 -0.09449110000000001 -0.4255249 0.0021649681944033382
326 -0.14173670000000002 -0.4091585 0.0021649681944033382
327 -0.18898220000000002 -0.3927922 0.0021649681944033382
328 -0.23622780000000002 -0.37642590000000004 0.0021649681944033382
329 -0.28347340000000004 -0.36005950000000003 0.0021649681944033382
330 -0.33071890000000004 -0.3436932 0.0021649681944033382
331 -0.4157609 -0.36005950000000003 0.0021649681944033382
332 -0.42521 -0.31096050000000003 0.0021649681944033382
333 -0.4346591 -0.26186149999999997 0.0021649681944033382
334 -0.4441083 -0.21276240000000002 0.0021649681944033382
335 -0.4535574 -0.1636634 0.0021649681944033382
336 -0.46300650000000004 -0.11456440000000001 0.0021649681944033382
337 -0.47245560000000003 -0.0654654 0.0021649681944033382
338 -0.48190469999999996 -0.0163663 0.0021649681944033382
339 -0.49135379999999995 0.0327327 0.0021649681944033382
340 -0.5008029 0.0818317 0.0021649681944033382
341 -0.510252 0.1309307 0.0021649681944033382
342 -0.5197011 0.1800298 0.0021649681944033382
343 -0.48190469999999996 0.21276240000000002 0.0021649681944033382
344 -0.4441083 0.24549510000000002 0.0021649681944033382
345 -0.4063118 0.2782278 0.0021649681944033382
346 -0.3685154 0.31096050000000003 0.0021649681944033382
347 -0.33071890000000004 0.3436932 0.0021649681944033382
348 -0.29292250000000003 0.37642590000000004 0.0021649681944033382
349 -0.255126 0.4091585 0.0021649681944033382
350 -0.2173296 0.44189120000000004 0.0021649681944033382
351 -0.1795331 0.4746239 0.0021649681944033382
352 -0.14173670000000002 0.5073566 0.0021649681944033382
353 -0.10394020000000001 0.5400893 0.0021649681944033382
354 -0.0566947 0.5237229 0.0021649681944033382
355 -0.0094491 0.5073566 0.0021649681944033382
356 0.0377964 0.4909903 0.0021649681944033382
357 0.085042 0.4746239 0.0021649681944033382
358 0.1322876 0.45825760000000004 0.0021649681944033382
359 0.1795331 0.44189120000000004 0.0021649681944033382
360 0.2267787 0.4255249 0.0021649681944033382
361 0.2740242 0.4091585 0.0021649681944033382
362 0.3212698 0.3927922 0.0021649681944033382
363 0.3685154 0.37642590000000004 0.0021649681944033382
364 0.4157609 0.36005950000000003 0.0021649681944033382
365 0.42521 0.31096050000000003 0.0021649681944033382
366 0.4346591 0.26186149999999997 0.0021649681944033382
367 0.4441083 0.21276240000000002 0.0021649681944033382
368 0.4535574 0.1636634 0.0021649681944033382
369 0.46300650000000004 0.11456440000000001 0.0021649681944033382
370 0.47245560000000003 0.0654654 0.0021649681944033382
371 0.48190469999999996 0.0163663 0.0021649681944033382
372 0.49135379999999995 -0.0327327 0.0021649681944033382
373 0.5008029 -0.0818317 0.0021649681944033382
374 0.510252 -0.1309307 0.0021649681944033382
375 0.5197011 -0.1800298 0.0021649681944033382
376 0.48190469999999996 -0.21276240000000002 0.0021649681944033382
377 0.4441083 -0.24549510000000002 0.0021649681944033382
378 0.4063118 -0.2782278 0.0021649681944033382
379 0.3685154 -0.31096050000000003 0.0021649681944033382
380 0.33071890000000004 -0.3436932 0.0021649681944033382
381 0.29292250000000003 -0.37642590000000004 0.0021649681944033382
382 0.255126 -0.4091585 0.0021649681944033382
383 0.2173296 -0.44189120000000004 0.0021649681944033382
384 0.1795331 -0.4746239 0.0021649681944033382
385 0.14173670000000002 -0.5073566 0.0021649681944033382
386 0.10394020000000001 -0.5400893 0.0021649681944033382
387 0.0566947 -0.5237229 0.0021649681944033382
388 0.0094491 -0.5073566 0.0021649681944033382
389 -0.0377964 -0.4909903 0.0021649681944033382
390 -0.085042 -0.4746239 0.0021649681944033382
391 -0.1322876 -0.45825760000000004 0.0021649681944033382
392 -0.1795331 -0.44189120000000004 0.0021649681944033382
393 -0.2267787 -0.4255249 0.0021649681944033382
394 -0.2740242 -0.4091585 0.0021649681944033382
395 -0.3212698 -0.3927922 0.0021649681944033382
396 -0.3685154 -0.37642590000000004 0.0021649681944033382
397 -0.4535574 -0.3927922 0.0021649681944033382
398 -0.46300650000000004 -0.3436932 0.0021649681944033382
399 -0.47245560000000003 -0.29459420000000003 0.0021649681944033382
400 -0.48190469999999996 -0.24549510000000002 0.0021649681944033382
401 -0.49135379999999995 -0.1963961 0.0021649681944033382
402 -0.5008029 -0.14729710000000001 0.0021649681944033382
403 -0.510252 -0.098198 0.0021649681944033382
404 -0.5197012 -0.049099 0.0021649681944033382
405 -0.5291503 0.0 0.0021649681944033382
406 -0.5385994 0.049099 0.0021649681944033382
407 -0.5480484999999999 0.0981981 0.0021649681944033382
408 -0.5574976 0.14729710000000001 0.0021649681944033382
409 -0.5669466999999999 0.1963961 0.0021649681944033382
410 -0.5291503 0.22912880000000002 0.0021649681944033382
411 -0.49135379999999995 0.26186149999999997 0.0021649681944033382
412 -0.4535574 0.29459420000000003 0.0021649681944033382
413 -0.4157609 0.3273268 0.0021649681944033382
414 -0.3779645 0.36005950000000003 0.0021649681944033382
415 -0.340168 0.3927922 0.0021649681944033382
416 -0.3023716 0.4255249 0.0021649681944033382
417 -0.2645751 0.45825760000000004 0.0021649681944033382
418 -0.2267787 0.4909903 0.0021649681944033382
419 -0.18898220000000002 0.5237229 0.0021649681944033382
420 -0.1511858 0.5564556 0.0021649681944033382
421 -0.11338930000000001 0.5891883 0.0021649681944033382
422 -0.0661438 0.572822 0.0021649681944033382
423 -0.0188982 0.5564556 0.0021649681944033382
424 0.0283473 0.5400893 0.0021649681944033382
425 0.0755929 0.5237229 0.0021649681944033382
426 0.12283849999999999 0.5073566 0.0021649681944033382
427 0.170084 0.4909903 0.0021649681944033382
428 0.2173296 0.4746239 0.0021649681944033382
429 0.2645751 0.45825760000000004 0.0021649681944033382
430 0.3118207 0.44189120000000004 0.0021649681944033382
431 0.3590663 0.4255249 0.0021649681944033382
432 0.4063118 0.4091585 0.0021649681944033382
433 0.4535574 0.3927922 0.0021649681944033382
434 0.46300650000000004 0.3436932 0.0021649681944033382
435 0.47245560000000003 0.29459420000000003 0.0021649681944033382
436 0.48190469999999996 0.24549510000000002 0.0021649681944033382
437 0.49135379999999995 0.1963961 0.0021649681944033382
438 0.5008029 0.14729710000000001 0.0021649681944033382
439 0.510252 0.098198 0.0021649681944033382
440 0.5197012 0.049099 0.0021649681944033382
441 0.5291503 0.0 0.0021649681944033382
442 0.5385994 -0.049099 0.0021649681944033382
443 0.5480484999999999 -0.0981981 0.0021649681944033382
444 0.5574976 -0.14729710000000001 0.0021649681944033382
445 0.5669466999999999 -0.1963961 0.0021649681944033382
446 0.5291503 -0.22912880000000002 0.0021649681944033382
447 0.49135379999999995 -0.26186149999999997 0.0021649681944033382
448 0.4535574 -0.29459420000000003 0.0021649681944033382
449 0.4157609 -0.3273268 0.0021649681944033382
450 0.3779645 -0.36005950000000003 0.0021649681944033382
451 0.340168 -0.3927922 0.0021649681944033382
452 0.3023716 -0.4255249 0.0021649681944033382
453 0.2645751 -0.45825760000000004 0.0021649681944033382
454 0.2267787 -0.4909903 0.0021649681944033382
455 0.18898220000000002 -0.5237229 0.0021649681944033382
456 0.1511858 -0.5564556 0.0021649681944033382
457 0.11338930000000001 -0.5891883 0.0021649681944033382
458 0.0661438 -0.572822 0.0021649681944033382
459 0.0188982 -0.5564556 0.0021649681944033382
460 -0.0283473 -0.5400893 0.0021649681944033382
461 -0.0755929 -0.5237229 0.0021649681944033382
462 -0.12283849999999999 -0.5073566 0.0021649681944033382
463 -0.170084 -0.4909903 0.0021649681944033382
464 -0.2173296 -0.4746239 0.0021649681944033382
465 -0.2645751 -0.45825760000000004 0.0021649681944033382
466 -0.3118207 -0.44189120000000004 0.0021649681944033382
467 -0.3590663 -0.4255249 0.0021649681944033382
468 -0.4063118 -0.4091585 0.0021649681944033382
469 -0.49135379999999995 -0.4255249 0.0021649681944033382
470 -0.5008029 -0.37642590000000004 0.0021649681944033382
471 -0.510252 -0.3273268 0.0021649681944033382
472 -0.5197012 -0.2782278 0.0021649681944033382
473 -0.5291503 -0.22912880000000002 0.0021649681944033382
474 -0.5385994 -0.1800298 0.0021649681944033382
475 -0.5480484999999999 -0.1309307 0.0021649681944033382
476 -0.5574976 -0.0818317 0.0021649681944033382
477 -0.5669466999999999 -0.0327327 0.0021649681944033382
478 -0.5763958 0.0163663 0.0021649681944033382
479 -0.5858449 0.0654654 0.0021649681944033382
480 -0.595294 0.11456440000000001 0.0021649681944033382
481 -0.6047432 0.1636634 0.0021649681944033382
482 -0.6141923 0.21276240000000002 0.0021649681944033382
483 -0.5763958 0.24549510000000002 0.0021649681944033382
484 -0.5385994 0.2782278 0.0021649681944033382
485 -0.5008029 0.31096050000000003 0.0021649681944033382
486 -0.46300650000000004 0.3436932 0.0021649681944033382
487 -0.42521 0.37642590000000004 0.0021649681944033382
488 -0.38741359999999997 0.4091585 0.0021649681944033382
489 -0.3496171 0.44189120000000004 0.0021649681944033382
490 -0.3118207 0.4746239 0.0021649681944033382
491 -0.2740242 0.5073566 0.0021649681944033382
492 -0.23622780000000002 0.5400893 0.0021649681944033382
493 -0.1984313 0.572822 0.0021649681944033382
494 -0.1606349 0.6055546 0.0021649681944033382
495 -0.12283849999999999 0.6382873 0.0021649681944033382
496 -0.0755929 0.6219210000000001 0.0021649681944033382
497 -0.0283473 0.6055546 0.0021649681944033382
498 0.0188982 0.5891883 0.0021649681944033382
499 0.0661438 0.572822 0.0021649681944033382
500 0.11338930000000001 0.5564556 0.0021649681944033382
501 0.1606349 0.5400893 0.0021649681944033382
502 0.20788050000000002 0.5237229 0.0021649681944033382
503 0.255126 0.5073566 0.0021649681944033382
504 0.3023716 0.4909903 0.0021649681944033382
505 0.3496171 0.4746239 0.0021649681944033382
506 0.3968627 0.45825760000000004 0.0021649681944033382
507 0.4441083 0.44189120000000004 0.0021649681944033382
508 0.49135379999999995 0.4255249 0.0021649681944033382
509 0.5008029 0.37642590000000004 0.0021649681944033382
510 0.510252 0.3273268 0.0021649681944033382
511 0.5197012 0.2782278 0.0021649681944033382
512 0.5291503 0.22912880000000002 0.0021649681944033382
513 0.5385994 0.1800298 0.0021649681944033382
514 0.5480484999999999 0.1309307 0.0021649681944033382
515 0.5574976 0.0818317 0.0021649681944033382
516 0.5669466999999999 0.0327327 0.0021649681944033382
517 0.5763958 -0.0163663 0.0021649681944033382
518 0.5858449 -0.0654654 0.0021649681944033382
519 0.595294 -0.11456440000000001 0.0021649681944033382
520 0.6047432 -0.1636634 0.0021649681944033382
521 0.6141923 -0.21276240000000002 0.0021649681944033382
522 0.5763958 -0.24549510000000002 0.0021649681944033382
523 0.5385994 -0.2782278 0.0021649681944033382
524 0.5008029 -0.31096050000000003 0.0021649681944033382
525 0.46300650000000004 -0.3436932 0.0021649681944033382
526 0.42521 -0.37642590000000004 0.0021649681944033382
527 0.38741359999999997 -0.4091585 0.0021649681944033382
528 0.3496171 -0.44189120000000004 0.0021649681944033382
529 0.3118207 -0.4746239 0.0021649681944033382
530 0.2740242 -0.5073566 0.0021649681944033382
531 0.23622780000000002 -0.5400893 0.0021649681944033382
532 0.1984313 -0.572822 0.0021649681944033382
533 0.1606349 -0.6055546 0.0021649681944033382
534 0.12283849999999999 -0.6382873 0.0021649681944033382
535 0.0755929 -0.6219210000000001 0.0021649681944033382
536 0.0283473 -0.6055546 0.0021649681944033382
537 -0.0188982 -0.5891883 0.0021649681944033382
538 -0.0661438 -0.572822 0.0021649681944033382
539 -0.11338930000000001 -0.5564556 0.0021649681944033382
540 -0.1606349 -0.5400893 0.0021649681944033382
541 -0.20788050000000002 -0.5237229 0.0021649681944033382
542 -0.255126 -0.5073566 0.0021649681944033382
543 -0.3023716 -0.4909903 0.0021649681944033382
544 -0.3496171 -0.4746239 0.0021649681944033382
545 -0.3968627 -0.45825760000000004 0.0021649681944033382
546 -0.4441083 -0.44189120000000004 0.0021649681944033382
547 -0.5291503 -0.45825760000000004 0.0021649681944033382
548 -0.5385994 -0.4091585 0.0021649681944033382
549 -0.5480484999999999 -0.36005950000000003 0.0021649681944033382
550 -0.5574976 -0.31096050000000003 0.0021649681944033382
551 -0.5669466999999999 -0.26186149999999997 0.0021649681944033382
552 -0.5763958 -0.21276240000000002 0.0021649681944033382
553 -0.5858449 -0.1636634 0.0021649681944033382
554 -0.595294 -0.11456440000000001 0.0021649681944033382
555 -0.6047432 -0.0654654 0.0021649681944033382
556 -0.6141923 -0.0163663 0.0021649681944033382
557 -0.6236414 0.0327327 0.0021649681944033382
558 -0.6330905 0.0818317 0.0021649681944033382
559 -0.6425396 0.1309307 0.0021649681944033382
560 -0.6519887 0.1800298 0.0021649681944033382
561 -0.6614378000000001 0.22912880000000002 0.0021649681944033382
562 -0.6236414 0.26186149999999997 0.0021649681944033382
563 -0.5858449 0.29459420000000003 0.0021649681944033382
564 -0.5480484999999999 0.3273268 0.0021649681944033382
565 -0.510252 0.36005950000000003 0.0021649681944033382
566 -0.47245560000000003 0.3927922 0.0021649681944033382
567 -0.4346591 0.4255249 0.0021649681944033382
568 -0.3968627 0.45825760000000004 0.0021649681944033382
569 -0.3590662 0.4909903 0.0021649681944033382
570 -0.3212698 0.5237229 0.0021649681944033382
571 -0.28347340000000004 0.5564556 0.0021649681944033382
572 -0.24567689999999998 0.5891883 0.0021649681944033382
573 -0.20788050000000002 0.6219210000000001 0.0021649681944033382
574 -0.170084 0.6546537 0.0021649681944033382
575 -0.1322876 0.6873864 0.0021649681944033382
576 -0.085042 0.67102 0.0021649681944033382
577 -0.0377964 0.6546537 0.0021649681944033382
578 0.0094491 0.6382873 0.0021649681944033382
579 0.0566947 0.6219210000000001 0.0021649681944033382
580 0.10394020000000001 0.6055546 0.0021649681944033382
581 0.1511858 0.5891883 0.0021649681944033382
582 0.1984314 0.572822 0.0021649681944033382
583 0.24567689999999998 0.5564556 0.0021649681944033382
584 0.29292250000000003 0.5400893 0.0021649681944033382
585 0.340168 0.5237229 0.0021649681944033382
586 0.38741359999999997 0.5073566 0.0021649681944033382
587 0.4346591 0.4909903 0.0021649681944033382
588 0.48190469999999996 0.4746239 0.0021649681944033382
589 0.5291503 0.45825760000000004 0.0021649681944033382
590 0.5385994 0.4091585 0.0021649681944033382
591 0.5480484999999999 0.36005950000000003 0.0021649681944033382
592 0.5574976 0.31096050000000003 0.0021649681944033382
593 0.5669466999999999 0.26186149999999997 0.0021649681944033382
594 0.5763958 0.21276240000000002 0.0021649681944033382
595 0.5858449 0.1636634 0.0021649681944033382
596 0.595294 0.11456440000000001 0.0021649681944033382
597 0.6047432 0.0654654 0.0021649681944033382
598 0.6141923 0.0163663 0.0021649681944033382
599 0.6236414 -0.0327327 0.0021649681944033382
600 0.6330905 -0.0818317 0.0021649681944033382
601 0.6425396 -0.1309307 0.0021649681944033382
